parc	rep	bl	trt	trt_id	row	col	GY_SR_FI	GY_SR_MWS	GY_C_SWS
1	1	1	275	275	1	1	10517	7642	1322
2	1	1	325	325	1	2	8104.5	7122.5	1267
3	1	1	119	119	1	3	11051	8793.5	1482
4	1	1	138	138	1	4	9917.5	9546.5	2255
5	1	1	296	296	1	5	10415	7146.5	1496
6	1	1	257	257	1	6	9567.5	7261.5	1643
7	1	1	50	50	1	7	10723.5	8769.5	1357
8	1	1	150	150	1	8	9887.5	9425.5	2515
9	1	1	400	279	1	9	11589	7129.5	2160
10	1	1	168	168	1	10	11197	9404	3018.5
11	1	1	221	221	1	11	10562	6776.5	1982
12	1	1	97	97	1	12	10323.5	6979	1876
13	1	1	1	1	1	13	11268.5	7679	1949
14	1	1	237	237	1	14	10570.5	7717.5	2452
15	1	1	269	269	1	15	9448.5	8413.5	3054.5
16	1	1	134	134	1	16	11738	7832	3478
17	1	1	155	155	1	17	9838	7621.5	NA
18	1	1	253	253	1	18	8732	7414	3566
19	1	1	122	122	1	19	10484	8478	3829
20	1	1	77	77	1	20	11609	8343.5	2740.5
21	1	2	295	295	2	20	7651	8167	2360
22	1	2	69	69	2	19	10246.5	9219.5	1893
23	1	2	290	290	2	18	8911	9678.5	1678
24	1	2	352	352	2	17	10458	8804.5	2135.5
25	1	2	387	278	2	16	9464.5	9130.5	3723
26	1	2	277	277	2	15	10029	8761	2995
27	1	2	123	123	2	14	10682	9908.5	NA
28	1	2	393	279	2	13	11611.5	9326.5	2668
29	1	2	347	347	2	12	11241.5	9953.5	3399.5
30	1	2	175	175	2	11	10261	9294	4269.5
31	1	2	153	153	2	10	9212	8239.5	1802
32	1	2	243	243	2	9	10241.5	9353.5	3415.5
33	1	2	178	178	2	8	10191.5	10299	4268
34	1	2	145	145	2	7	10437.5	10119	4080.5
35	1	2	228	228	2	6	10037.5	8949.5	2202
36	1	2	326	326	2	5	7940.5	7928	2663
37	1	2	137	137	2	4	9126	9761.5	3726.5
38	1	2	217	217	2	3	9686	9714.5	2172.5
39	1	2	48	48	2	2	8329.5	10559.5	2816
40	1	2	369	369	2	1	11157	10192	2764
41	1	3	29	29	3	1	10725	11421.5	2264
42	1	3	100	100	3	2	10694.5	12178	2026
43	1	3	297	297	3	3	7715.5	13208.5	2974
44	1	3	246	246	3	4	9038.5	8942	2783
45	1	3	247	247	3	5	9275	9830	3117
46	1	3	113	113	3	6	9025.5	9719	2551.5
47	1	3	51	51	3	7	8870	9734.5	2788
48	1	3	305	305	3	8	8277	9093.5	3081
49	1	3	11	11	3	9	10467	11466.5	1556
50	1	3	391	278	3	10	9235.5	10573	3167
51	1	3	163	163	3	11	9642.5	10825.5	1970.5
52	1	3	141	141	3	12	9637	9995	2340.5
53	1	3	179	179	3	13	10342.5	10988.5	2484.5
54	1	3	307	307	3	14	9580	9663.5	2579
55	1	3	79	79	3	15	10031.5	10577	3683.5
56	1	3	126	126	3	16	10553.5	9516	2556
57	1	3	301	301	3	17	8059.5	7723	2730.5
58	1	3	291	291	3	18	8660.5	9071	2796
59	1	3	279	279	3	19	10601.5	9389	2084
60	1	3	258	258	3	20	6715	8600	2194.5
61	1	4	166	166	4	20	9090	9618	2954.5
62	1	4	95	95	4	19	9690	10160.5	3642
63	1	4	262	262	4	18	10306.5	10150	2669
64	1	4	324	324	4	17	9445	8093.5	2353
65	1	4	327	327	4	16	8830	8543.5	1888.5
66	1	4	304	304	4	15	9313.5	8914	2858
67	1	4	87	87	4	14	11818.5	10277.5	3449.5
68	1	4	59	59	4	13	10284.5	10932	4292
69	1	4	388	278	4	12	9665.5	10029	4203.5
70	1	4	83	83	4	11	9260.5	7848	2655
71	1	4	194	194	4	10	10941.5	10832.5	3415.5
72	1	4	318	318	4	9	10866.5	10281	3019
73	1	4	261	261	4	8	10994	9673	2533.5
74	1	4	99	99	4	7	10585	9193.5	2079.5
75	1	4	65	65	4	6	9414.5	9912	3253.5
76	1	4	357	357	4	5	9369.5	7798.5	2908
77	1	4	316	316	4	4	8723.5	7904.5	2725
78	1	4	209	209	4	3	9744	10560.5	2843.5
79	1	4	152	152	4	2	10216	11183	3818
80	1	4	276	276	4	1	10267.5	9910	3229
81	1	5	343	343	5	1	12168	9636.5	3760
82	1	5	63	63	5	2	11321.5	9774	5414.5
83	1	5	70	70	5	3	9690.5	9422	3839.5
84	1	5	94	94	5	4	10107	8439	3854
85	1	5	30	30	5	5	10702	9550.5	3551
86	1	5	202	202	5	6	5100.5	5532	1749.5
87	1	5	289	289	5	7	9700	7980.5	2378
88	1	5	220	220	5	8	9696	8393	2373
89	1	5	35	35	5	9	10723	8951.5	3609
90	1	5	213	213	5	10	10212.5	8700	3061.5
91	1	5	147	147	5	11	8912.5	9253.5	3344.5
92	1	5	2	2	5	12	11704.5	10787.5	3918
93	1	5	218	218	5	13	8707	7980	2713
94	1	5	203	203	5	14	11891	9900	3030
95	1	5	380	380	5	15	10867.5	8019.5	2293
96	1	5	110	110	5	16	10222	9507	2643
97	1	5	386	278	5	17	11591	10394.5	3631
98	1	5	248	248	5	18	8062	7755.5	1880
99	1	5	303	303	5	19	9573	9505.5	2389
100	1	5	43	43	5	20	11386.5	9587	2336.5
101	1	6	395	279	6	20	11297	8544.5	3001.5
102	1	6	232	232	6	19	9670.5	9852	3951
103	1	6	72	72	6	18	10432	9194.5	2370
104	1	6	184	184	6	17	11447.5	9764	2835
105	1	6	18	18	6	16	9180.5	8729	2623.5
106	1	6	96	96	6	15	8968.5	8390	2245
107	1	6	240	240	6	14	9587.5	8594	2127
108	1	6	335	335	6	13	9114	8929.5	1612
109	1	6	374	374	6	12	10404	8842	2556
110	1	6	340	340	6	11	9949	7825	2559.5
111	1	6	131	131	6	10	8878	9802	2481
112	1	6	376	376	6	9	10405	9441	1580
113	1	6	280	280	6	8	8774	8935	2239.5
114	1	6	159	159	6	7	10063	9291	3043
115	1	6	10	10	6	6	9624.5	10356	5000
116	1	6	227	227	6	5	9823	9204	4175.5
117	1	6	341	341	6	4	10652.5	8860	3884.5
118	1	6	81	81	6	3	9679	10515.5	4518
119	1	6	53	53	6	2	9498.5	10895	3163.5
120	1	6	185	185	6	1	8252	9241.5	3287.5
121	1	7	355	355	7	1	8306	9244.5	4194
122	1	7	317	317	7	2	8069	8137.5	3717
123	1	7	383	383	7	3	7139	7568.5	3197.5
124	1	7	121	121	7	4	10551.5	7777.5	3735
125	1	7	9	9	7	5	11171	9261.5	3780.5
126	1	7	114	114	7	6	8846	8922.5	NA
127	1	7	309	309	7	7	8120	7777	3544
128	1	7	188	188	7	8	9592.5	9667	5030.5
129	1	7	379	379	7	9	11503	9597.5	5013.5
130	1	7	129	129	7	10	8727.5	7848.5	4217.5
131	1	7	236	236	7	11	10465.5	8495.5	2819.5
132	1	7	192	192	7	12	11194.5	10488.5	4176
133	1	7	111	111	7	13	11103.5	9385	3246.5
134	1	7	389	278	7	14	10539	8989	4291.5
135	1	7	128	128	7	15	11593.5	9332.5	4395
136	1	7	16	16	7	16	9945.5	9379.5	3877
137	1	7	74	74	7	17	10482.5	8910	2790.5
138	1	7	219	219	7	18	7889.5	6675	2350.5
139	1	7	215	215	7	19	9841.5	8371	1707.5
140	1	7	250	250	7	20	8172.5	6567	1388
141	1	8	104	104	8	20	11929.5	9579	2529.5
142	1	8	13	13	8	19	12277.5	9992	2519.5
143	1	8	239	239	8	18	9735.5	9421	2614.5
144	1	8	102	102	8	17	12264.5	9798.5	3250.5
145	1	8	156	156	8	16	12019	10445	1734.5
146	1	8	57	57	8	15	10204	9689.5	3017.5
147	1	8	398	279	8	14	11657	10363.5	1908.5
148	1	8	323	323	8	13	9779	8067.5	2401.5
149	1	8	201	201	8	12	9150.5	9866	2801.5
150	1	8	52	52	8	11	9667	8787.5	2352.5
151	1	8	255	255	8	10	8934	9143.5	2180
152	1	8	273	273	8	9	10089.5	8698.5	2088
153	1	8	224	224	8	8	9754.5	8247.5	1912.5
154	1	8	329	329	8	7	9741	8167	1899
155	1	8	154	154	8	6	10063	10071	2152
156	1	8	167	167	8	5	12062	10461	2495
157	1	8	130	130	8	4	10106	8907	2147.5
158	1	8	169	169	8	3	11713	5788	3382
159	1	8	120	120	8	2	11297	10949.5	2285
160	1	8	284	284	8	1	9903.5	9908	2407
161	1	9	133	133	9	1	9952	9711.5	3531
162	1	9	353	353	9	2	7572.5	7935.5	3934
163	1	9	132	132	9	3	11061.5	10698.5	4980
164	1	9	88	88	9	4	11648.5	10515.5	3101
165	1	9	313	313	9	5	10215.5	9143.5	3119
166	1	9	20	20	9	6	11098.5	10351	2888.5
167	1	9	61	61	9	7	10450	10008.5	2685
168	1	9	27	27	9	8	9851.5	8685.5	2925
169	1	9	394	279	9	9	11511	9861.5	2499
170	1	9	286	286	9	10	11647.5	11250	3300
171	1	9	8	8	9	11	10996.5	10711.5	3746
172	1	9	382	382	9	12	9717.5	9485.5	3540
173	1	9	195	195	9	13	9692	9476	3814.5
174	1	9	234	234	9	14	9167.5	9025.5	4088.5
175	1	9	80	80	9	15	9375	10321	5163.5
176	1	9	392	278	9	16	10245	9299.5	4643
177	1	9	17	17	9	17	8609	9087	2910
178	1	9	315	315	9	18	7792.5	7394	2642
179	1	9	233	233	9	19	7914	8271.5	3359.5
180	1	9	319	319	9	20	10067	9293	2851
181	1	10	6	6	10	20	12295	10903.5	2768.5
182	1	10	107	107	10	19	10924	9308	4266
183	1	10	157	157	10	18	10107.5	9849	3894.5
184	1	10	251	251	10	17	9070.5	7194	1929
185	1	10	164	164	10	16	11174.5	8547	3579.5
186	1	10	115	115	10	15	9149	8415.5	3580
187	1	10	149	149	10	14	9725	9329.5	4500
188	1	10	170	170	10	13	11305	9925	3380
189	1	10	294	294	10	12	10470.5	8734	3578.5
190	1	10	348	348	10	11	11269.5	9490	3605
191	1	10	372	372	10	10	10887.5	8929.5	2491
192	1	10	214	214	10	9	9830.5	8184	4290.5
193	1	10	101	101	10	8	12860	11127.5	3785
194	1	10	282	282	10	7	10133.5	8720	2433
195	1	10	259	259	10	6	12158	10451	1702
196	1	10	19	19	10	5	11089.5	8436.5	1029
197	1	10	189	189	10	4	12435.5	10817	2448.5
198	1	10	223	223	10	3	9346	8155.5	1936.5
199	1	10	193	193	10	2	12408	10004.5	1967
200	1	10	180	180	10	1	10516.5	9996.5	2414.5
201	1	11	260	260	11	1	10755	9002	3499.5
202	1	11	299	299	11	2	8775.5	7423	2094.5
203	1	11	321	321	11	3	8942	8409.5	1690
204	1	11	212	212	11	4	10977	9397	1805
205	1	11	84	84	11	5	11158.5	9843	2121.5
206	1	11	5	5	11	6	10422.5	9978.5	2566.5
207	1	11	139	139	11	7	9939.5	8450	5765
208	1	11	200	200	11	8	9296.5	9299	4081
209	1	11	363	363	11	9	10427.5	8554	2100.5
210	1	11	339	339	11	10	8575	8039.5	2108
211	1	11	15	15	11	11	10880.5	9158.5	2964.5
212	1	11	241	241	11	12	10787	8246.5	2701.5
213	1	11	109	109	11	13	10277.5	8949.5	4024.5
214	1	11	25	25	11	14	9498.5	9341	4284.5
215	1	11	199	199	11	15	8862	7348.5	2463.5
216	1	11	367	367	11	16	9985.5	8053.5	2898.5
217	1	11	205	205	11	17	10462.5	9025	3988
218	1	11	271	271	11	18	10011	9241.5	3685
219	1	11	330	330	11	19	9479.5	7959.5	4266.5
220	1	11	266	266	11	20	11519.5	11077	4928
221	1	12	7	7	12	20	10551	10013	4042
222	1	12	252	252	12	19	8591	9539.5	3445
223	1	12	124	124	12	18	9197.5	8350	2501.5
224	1	12	56	56	12	17	12080.5	10876.5	3387
225	1	12	106	106	12	16	10631.5	10339.5	4771
226	1	12	231	231	12	15	9166.5	8456.5	3760
227	1	12	160	160	12	14	9833.5	8960.5	3447.5
228	1	12	146	146	12	13	8702	8099	4192.5
229	1	12	187	187	12	12	9458.5	10817.5	4012
230	1	12	23	23	12	11	8507.5	8555	4218.5
231	1	12	254	254	12	10	8815	9003	4684.5
232	1	12	158	158	12	9	8630.5	9601	3465
233	1	12	265	265	12	8	11502	10004	3877
234	1	12	172	172	12	7	10244.5	10421.5	4025
235	1	12	308	308	12	6	8851.5	8518.5	2915.5
236	1	12	256	256	12	5	9067	8353	3025
237	1	12	42	42	12	4	10091	9598	2950.5
238	1	12	211	211	12	3	8878.5	8936	2706.5
239	1	12	108	108	12	2	9643	9238	3888
240	1	12	208	208	12	1	9413.5	9479.5	3018
241	1	13	67	67	13	1	11630	10805.5	3155.5
242	1	13	344	344	13	2	11908	9131	3175.5
243	1	13	173	173	13	3	11140.5	8398.5	3200
244	1	13	34	34	13	4	10252.5	10354	2533
245	1	13	176	176	13	5	10416	8388.5	2592
246	1	13	281	281	13	6	10950.5	9304.5	2655
247	1	13	349	349	13	7	10545	9792.5	3051
248	1	13	171	171	13	8	10074	8996	2515.5
249	1	13	337	337	13	9	10056	7625	1898
250	1	13	226	226	13	10	11379.5	9032	2502.5
251	1	13	298	298	13	11	9690	8203.5	3151.5
252	1	13	270	270	13	12	9816	8787.5	3305
253	1	13	142	142	13	13	12228.5	10545	3592
254	1	13	375	375	13	14	11780.5	9264.5	2897.5
255	1	13	112	112	13	15	10398.5	8114.5	2878
256	1	13	332	332	13	16	10338.5	7865.5	2062.5
257	1	13	283	283	13	17	9929	9032.5	4245.5
258	1	13	288	288	13	18	8247.5	7755.5	3217.5
259	1	13	396	279	13	19	10561	9288	2841
260	1	13	235	235	13	20	9884	8661	3018
261	1	14	76	76	14	20	11608	9808.5	3311
262	1	14	345	345	14	19	9486.5	8339.5	2968.5
263	1	14	249	249	14	18	8418	6494.5	2403
264	1	14	356	356	14	17	9979.5	7142.5	3784
265	1	14	359	359	14	16	10381	7924	2952.5
266	1	14	361	361	14	15	9754	8322.5	2571
267	1	14	162	162	14	14	9174	8190	3779.5
268	1	14	245	245	14	13	10476	8477	5329.5
269	1	14	12	12	14	12	11473.5	9915	5316
270	1	14	62	62	14	11	11874	9347	4409
271	1	14	314	314	14	10	8335	7328.5	2897.5
272	1	14	71	71	14	9	11707.5	8687.5	3454
273	1	14	86	86	14	8	11202.5	10176	3658
274	1	14	244	244	14	7	9328.5	7245.5	3289.5
275	1	14	190	190	14	6	11208	9447.5	4418.5
276	1	14	206	206	14	5	10438	9051.5	3877
277	1	14	342	342	14	4	10653	8489	4082.5
278	1	14	4	4	14	3	10281	8071.5	4289.5
279	1	14	216	216	14	2	8960.5	7788	2929
280	1	14	302	302	14	1	11314.5	9734	3385
281	1	15	68	68	15	1	7860.5	8480	3877
282	1	15	377	377	15	2	8376.5	7924.5	3600.5
283	1	15	64	64	15	3	10925	9724.5	3993
284	1	15	136	136	15	4	7961	8109	2401.5
285	1	15	362	362	15	5	8498	8302	2268.5
286	1	15	66	66	15	6	8541.5	8045.5	4073.5
287	1	15	38	38	15	7	9970.5	8058.5	4447
288	1	15	148	148	15	8	9377	9426.5	5694.5
289	1	15	196	196	15	9	10609.5	9707.5	3729
290	1	15	91	91	15	10	7870	7527.5	3650.5
291	1	15	322	322	15	11	7922	7477.5	2290
292	1	15	311	311	15	12	9576	8886.5	4200.5
293	1	15	186	186	15	13	9954	8811.5	4185
294	1	15	40	40	15	14	8432	8615	4197.5
295	1	15	385	278	15	15	10382	9366	5507
296	1	15	268	268	15	16	9719	7982.5	3313.5
297	1	15	75	75	15	17	10548	10436.5	2846
298	1	15	98	98	15	18	8329	7881.5	3256
299	1	15	144	144	15	19	10117	10679.5	2305.5
300	1	15	358	358	15	20	10279	10265.5	2144
301	1	16	373	373	16	20	9831.5	8460.5	2185.5
302	1	16	78	78	16	19	9366	8058	3250.5
303	1	16	32	32	16	18	9821	8512.5	3611
304	1	16	174	174	16	17	9713.5	9040.5	3167
305	1	16	116	116	16	16	9866	8214.5	3733
306	1	16	360	360	16	15	10708.5	7483	3800.5
307	1	16	135	135	16	14	10175	8842	4431
308	1	16	105	105	16	13	9768.5	8574	4094.5
309	1	16	287	287	16	12	10468.5	7795	3418.5
310	1	16	207	207	16	11	10216.5	8738.5	3000.5
311	1	16	24	24	16	10	9521.5	10023	4678
312	1	16	39	39	16	9	10042.5	8157	4468.5
313	1	16	378	378	16	8	9411.5	8235	2966
314	1	16	182	182	16	7	10987	8539	3626
315	1	16	127	127	16	6	8816	7527	3826
316	1	16	368	368	16	5	11069	7344	2175
317	1	16	85	85	16	4	10133	8192.5	2085.5
318	1	16	331	331	16	3	9502.5	7349	2080.5
319	1	16	366	366	16	2	9989.5	6873	1923
320	1	16	350	350	16	1	10605	6747	2483
321	1	17	191	191	17	1	9672.5	8994.5	2462
322	1	17	365	365	17	2	10055	8587.5	2688
323	1	17	14	14	17	3	10972	9051.5	2289.5
324	1	17	49	49	17	4	9710.5	9045	4247
325	1	17	336	336	17	5	9327	8745.5	2743.5
326	1	17	3	3	17	6	9988.5	9340.5	3738
327	1	17	47	47	17	7	9103.5	8501	2590.5
328	1	17	177	177	17	8	9586	9478	4519
329	1	17	285	285	17	9	9708	7740	6843.5
330	1	17	28	28	17	10	10325.5	8951.5	6925
331	1	17	22	22	17	11	8979.5	8099.5	2536
332	1	17	222	222	17	12	9395.5	7650	2755.5
333	1	17	292	292	17	13	10062	9036.5	5441
334	1	17	54	54	17	14	8867	8812.5	4310.5
335	1	17	371	371	17	15	9434.5	9724.5	2503.5
336	1	17	143	143	17	16	9746.5	9018.5	1852
337	1	17	31	31	17	17	9351.5	8820.5	2077
338	1	17	354	354	17	18	7332.5	7899	2832
339	1	17	117	117	17	19	9738	9513.5	3402.5
340	1	17	399	279	17	20	10501.5	9207.5	3545.5
341	1	18	274	274	18	20	9693.5	8451.5	3046
342	1	18	267	267	18	19	9030.5	8993	3575.5
343	1	18	44	44	18	18	9093	8125.5	4399.5
344	1	18	198	198	18	17	10495	9311.5	3578.5
345	1	18	210	210	18	16	8155	8413.5	3068
346	1	18	397	279	18	15	10065	8784	3884
347	1	18	346	346	18	14	9889.5	8175.5	4386.5
348	1	18	384	384	18	13	9317	8196	4204.5
349	1	18	60	60	18	12	9189	9084	3983.5
350	1	18	55	55	18	11	8016	7613.5	3210
351	1	18	93	93	18	10	9345.5	8129	2613.5
352	1	18	58	58	18	9	10401.5	10133.5	2885.5
353	1	18	306	306	18	8	8273.5	6781.5	2160
354	1	18	390	278	18	7	9411	8492.5	3657
355	1	18	165	165	18	6	7720	5788.5	875.5
356	1	18	103	103	18	5	10487.5	9389.5	2211.5
357	1	18	364	364	18	4	7665	7534	1563
358	1	18	338	338	18	3	6296	6154.5	2476
359	1	18	370	370	18	2	10311	7449	3373
360	1	18	320	320	18	1	8140.5	7719.5	4045.5
361	1	19	272	272	19	1	8806.5	8551.5	3288.5
362	1	19	151	151	19	2	9424	8853	3342
363	1	19	264	264	19	3	8905	8955	4096
364	1	19	310	310	19	4	10643.5	8904	3443
365	1	19	333	333	19	5	8030	7564	3133
366	1	19	351	351	19	6	10143.5	9002.5	4018.5
367	1	19	118	118	19	7	10165.5	9177.5	2753
368	1	19	33	33	19	8	10350	8318	4634.5
369	1	19	238	238	19	9	9315.5	9286.5	4211.5
370	1	19	92	92	19	10	7999.5	8158.5	4908
371	1	19	125	125	19	11	8932	8801	3916.5
372	1	19	230	230	19	12	7747.5	8252	2777
373	1	19	181	181	19	13	10098	8967	4490.5
374	1	19	90	90	19	14	7699.5	8003.5	3216.5
375	1	19	183	183	19	15	10783.5	9821	4100.5
376	1	19	46	46	19	16	9596	9543.5	4354.5
377	1	19	300	300	19	17	8286	8013.5	3181
378	1	19	36	36	19	18	9450	9371.5	2505
379	1	19	242	242	19	19	8498	8409	3801.5
380	1	19	278	278	19	20	10417	10368	5906.5
381	1	20	161	161	20	20	7266.5	6623	3703
382	1	20	82	82	20	19	9528	10279.5	3552.5
383	1	20	45	45	20	18	8358.5	7971.5	4218.5
384	1	20	229	229	20	17	6460	6744.5	4375.5
385	1	20	26	26	20	16	7626.5	7856	4301
386	1	20	225	225	20	15	7998	8038	4453.5
387	1	20	263	263	20	14	8500.5	8510.5	5985.5
388	1	20	334	334	20	13	5055	6923	3389
389	1	20	140	140	20	12	6402	7373.5	3835.5
390	1	20	381	381	20	11	9149.5	8991.5	5479.5
391	1	20	41	41	20	10	8557.5	7787	4023
392	1	20	204	204	20	9	9105.5	7719.5	3991
393	1	20	21	21	20	8	8258.5	8024.5	2547
394	1	20	328	328	20	7	7620	6076	2350.5
395	1	20	89	89	20	6	8728	6611	871
396	1	20	73	73	20	5	9505.5	8594.5	1643.5
397	1	20	312	312	20	4	7779.5	7488	2289
398	1	20	37	37	20	3	10648	10308.5	3513.5
399	1	20	293	293	20	2	9388	7907.5	2691
400	1	20	197	197	20	1	10999	10839.5	2335.5
401	2	1	167	167	21	1	10195.5	8220.5	3235
402	2	1	72	72	21	2	9554	8206.5	3324
403	2	1	83	83	21	3	9711.5	7223.5	2484.5
404	2	1	229	229	21	4	7386.5	4726.5	2885
405	2	1	213	213	21	5	10964.5	7187	2817
406	2	1	200	200	21	6	8520.5	7270.5	2291.5
407	2	1	288	288	21	7	9255	4422	2108
408	2	1	108	108	21	8	10320	8709	3710
409	2	1	311	311	21	9	10903	6833.5	4573
410	2	1	78	78	21	10	8671	8105.5	3679.5
411	2	1	259	259	21	11	10437.5	7302.5	4354
412	2	1	389	278	21	12	9476	6790	4669
413	2	1	238	238	21	13	9908.5	7756.5	3464
414	2	1	233	233	21	14	8829	6604	3759.5
415	2	1	138	138	21	15	8499	7416	3291
416	2	1	336	336	21	16	10921	6361.5	3185.5
417	2	1	249	249	21	17	8515.5	3629	1543
418	2	1	69	69	21	18	10254.5	7960.5	2588
419	2	1	210	210	21	19	9922.5	7241	2133
420	2	1	141	141	21	20	10968	8875	2350.5
421	2	2	181	181	22	20	11345.5	10792.5	1014.5
422	2	2	179	179	22	19	8965.5	9823.5	1090.5
423	2	2	99	99	22	18	10831	9730	1519.5
424	2	2	208	208	22	17	8963	10483.5	1564
425	2	2	159	159	22	16	9060	10603	1735.5
426	2	2	394	279	22	15	11153	9668.5	2439.5
427	2	2	54	54	22	14	9742.5	10579.5	2666
428	2	2	37	37	22	13	10890.5	11091.5	3750.5
429	2	2	62	62	22	12	10457	10477.5	2778.5
430	2	2	268	268	22	11	8707.5	9033	1968
431	2	2	77	77	22	10	11299.5	10522.5	2446
432	2	2	5	5	22	9	8630.5	10745.5	3621
433	2	2	287	287	22	8	8482	8147.5	2319
434	2	2	390	278	22	7	9190.5	9729.5	4105
435	2	2	192	192	22	6	10015.5	9697	4375
436	2	2	13	13	22	5	10142.5	9746.5	4338
437	2	2	193	193	22	4	9598.5	10471	3859.5
438	2	2	352	352	22	3	9011.5	8494	2901
439	2	2	235	235	22	2	8101.5	7422	3438
440	2	2	343	343	22	1	9920	8614.5	3134.5
441	2	3	340	340	23	1	9164.5	7902	2215
442	2	3	379	379	23	2	10955	9562	2518
443	2	3	326	326	23	3	7157.5	6357.5	1341
444	2	3	256	256	23	4	9017.5	8014.5	1400
445	2	3	2	2	23	5	10352.5	9971	2978
446	2	3	88	88	23	6	9841	9556.5	3115
447	2	3	199	199	23	7	8778.5	6722.5	1494
448	2	3	157	157	23	8	10155	9972	2823
449	2	3	283	283	23	9	11255.5	8360.5	3235.5
450	2	3	323	323	23	10	8320.5	7009	2241
451	2	3	197	197	23	11	11087.5	10207.5	3322.5
452	2	3	301	301	23	12	8443	7944.5	2514.5
453	2	3	40	40	23	13	8543	8994	2579
454	2	3	44	44	23	14	10858	9192	2760
455	2	3	36	36	23	15	10924.5	7866.5	1466
456	2	3	117	117	23	16	10135	9042	3674
457	2	3	275	275	23	17	9851.5	7765	2078
458	2	3	245	245	23	18	8841	8557.5	2683.5
459	2	3	373	373	23	19	11393.5	8078.5	2123.5
460	2	3	357	357	23	20	7671.5	7243.5	1958.5
461	2	4	385	278	24	20	10458	10478.5	2883
462	2	4	374	374	24	19	10463.5	8470.5	2465
463	2	4	111	111	24	18	10773	10048.5	3608
464	2	4	293	293	24	17	9640	7233.5	2351
465	2	4	289	289	24	16	9402.5	7635.5	1990
466	2	4	375	375	24	15	11195.5	9730.5	2740
467	2	4	178	178	24	14	9930.5	9361	2098.5
468	2	4	60	60	24	13	10927	9765.5	2065
469	2	4	314	314	24	12	9943	8353.5	2528
470	2	4	214	214	24	11	9418.5	7684.5	2529
471	2	4	279	279	24	10	10596	8467	2601
472	2	4	50	50	24	9	9675	8554	2952
473	2	4	368	368	24	8	8171	8687.5	2750.5
474	2	4	272	272	24	7	8356.5	7245	2123
475	2	4	132	132	24	6	11763	9576.5	3689
476	2	4	363	363	24	5	8511.5	6668	2296
477	2	4	23	23	24	4	7882.5	8947.5	2299
478	2	4	166	166	24	3	8766.5	8736	1728
479	2	4	365	365	24	2	10424	7846	2120.5
480	2	4	329	329	24	1	7148	5850	1815.5
481	2	5	251	251	25	1	6998	6108	1589.5
482	2	5	286	286	25	2	10242	9292	2868
483	2	5	281	281	25	3	9107	8170	1888
484	2	5	82	82	25	4	9824	10479	2727
485	2	5	400	279	25	5	9728.5	8771	1579
486	2	5	284	284	25	6	8661.5	9194	1614
487	2	5	3	3	25	7	9372	9475.5	2560.5
488	2	5	386	278	25	8	9883.5	9757.5	3594
489	2	5	121	121	25	9	9174	10113	2971.5
490	2	5	152	152	25	10	7692	9371.5	2832
491	2	5	331	331	25	11	8120	7640	1595.5
492	2	5	297	297	25	12	10270	11182.5	2683.5
493	2	5	240	240	25	13	8096.5	7827	2481.5
494	2	5	165	165	25	14	8531	7819	2318
495	2	5	266	266	25	15	10151.5	10641.5	3494.5
496	2	5	64	64	25	16	8890.5	10652.5	3356
497	2	5	231	231	25	17	9128.5	8120	1870
498	2	5	190	190	25	18	9374.5	10203	2755
499	2	5	393	279	25	19	10232.5	8560	2479
500	2	5	264	264	25	20	10181	8819.5	2443
501	2	6	345	345	26	20	10221	9997	3249.5
502	2	6	45	45	26	19	11476	8843.5	2403
503	2	6	304	304	26	18	9371.5	8505.5	2682
504	2	6	234	234	26	17	8949.5	8534.5	2782
505	2	6	169	169	26	16	9972	11002.5	3818.5
506	2	6	126	126	26	15	9867	9424.5	2695
507	2	6	369	369	26	14	12668.5	9699	2740
508	2	6	219	219	26	13	8312.5	7811	2107.5
509	2	6	182	182	26	12	11321	10927.5	2842.5
510	2	6	377	377	26	11	9547.5	8781.5	1930
511	2	6	354	354	26	10	8688.5	9006	2595
512	2	6	325	325	26	9	9867	9260	2383.5
513	2	6	346	346	26	8	10903.5	8939.5	2818
514	2	6	341	341	26	7	9891.5	9606	2969.5
515	2	6	242	242	26	6	8083.5	7861	2388
516	2	6	202	202	26	5	6393	5283.5	2204.5
517	2	6	223	223	26	4	7763.5	7421	2238
518	2	6	271	271	26	3	11044.5	9831.5	2715
519	2	6	344	344	26	2	10221.5	8160	2845
520	2	6	160	160	26	1	8190.5	9094	1845
521	2	7	93	93	27	1	11114.5	9171	1629
522	2	7	49	49	27	2	10031	7886.5	2029.5
523	2	7	280	280	27	3	8854.5	7837.5	909.5
524	2	7	388	278	27	4	10667.5	10426.5	2130.5
525	2	7	4	4	27	5	9017	7639.5	1637
526	2	7	172	172	27	6	10853	9696	2728
527	2	7	161	161	27	7	8559.5	7822.5	1765
528	2	7	218	218	27	8	8537.5	7618	1896.5
529	2	7	80	80	27	9	8016.5	9751	2571.5
530	2	7	347	347	27	10	11964.5	9197	3319
531	2	7	299	299	27	11	9198.5	7760	2500.5
532	2	7	196	196	27	12	9407	8735.5	3945
533	2	7	360	360	27	13	9534	8510.5	3236.5
534	2	7	355	355	27	14	10047.5	9108.5	2800.5
535	2	7	120	120	27	15	11663.5	10155.5	2188
536	2	7	307	307	27	16	8762	8937	2130.5
537	2	7	183	183	27	17	11607.5	9570.5	2903.5
538	2	7	112	112	27	18	9676.5	9323.5	2394
539	2	7	221	221	27	19	10165.5	7852.5	2023.5
540	2	7	115	115	27	20	8904	10308.5	2704
541	2	8	382	382	28	20	10194	9348	2690
542	2	8	399	279	28	19	10436	9109	2502
543	2	8	21	21	28	18	9396.5	9612.5	2835
544	2	8	241	241	28	17	9137	8473.5	2178.5
545	2	8	310	310	28	16	10213	9839.5	2134
546	2	8	277	277	28	15	9334.5	10270	3127
547	2	8	255	255	28	14	8561	8872	2465
548	2	8	220	220	28	13	8974	9085.5	2119.5
549	2	8	309	309	28	12	7127.5	8896	2000
550	2	8	7	7	28	11	10621.5	10318.5	2745.5
551	2	8	184	184	28	10	9811.5	10338	3427
552	2	8	253	253	28	9	8420	8844.5	2350
553	2	8	55	55	28	8	7592.5	9065	2145
554	2	8	34	34	28	7	9751.5	10309	2135
555	2	8	116	116	28	6	9397	9569	2485
556	2	8	76	76	28	5	10732	10244.5	2573
557	2	8	282	282	28	4	7360	8752	2650.5
558	2	8	194	194	28	3	10862	10831	3350.5
559	2	8	358	358	28	2	10571	9680	2131.5
560	2	8	163	163	28	1	10123	10940.5	3558
561	2	9	337	337	29	1	8660.5	8096.5	2570.5
562	2	9	315	315	29	2	7333	6591	2309
563	2	9	139	139	29	3	8759	9067.5	3392
564	2	9	250	250	29	4	7325	6449	1188
565	2	9	107	107	29	5	10666	9172	3125
566	2	9	70	70	29	6	10083.5	8906.5	3118
567	2	9	137	137	29	7	9193.5	8608.5	2811
568	2	9	52	52	29	8	8494	8410.5	2208
569	2	9	113	113	29	9	9485	7956.5	2987
570	2	9	87	87	29	10	11437	9265	3523
571	2	9	68	68	29	11	8015	7343	3161
572	2	9	308	308	29	12	9563	7440	3188
573	2	9	328	328	29	13	8703	8084	2807
574	2	9	46	46	29	14	9049.5	8788	2388
575	2	9	296	296	29	15	9892.5	8507	2980
576	2	9	85	85	29	16	9418	9417.5	2439
577	2	9	53	53	29	17	10037	9559.5	3391
578	2	9	371	371	29	18	9975.5	8758	2306
579	2	9	384	384	29	19	9243	9115.5	3713.5
580	2	9	302	302	29	20	9918	8923	3235
581	2	10	31	31	30	20	10835.5	10906.5	3069.5
582	2	10	398	279	30	19	12716.5	11185	3032
583	2	10	298	298	30	18	9150.5	9358	2710
584	2	10	61	61	30	17	10741	11726.5	3216
585	2	10	134	134	30	16	10579.5	10587	3900.5
586	2	10	327	327	30	15	8680.5	9169.5	2424
587	2	10	244	244	30	14	9416	8652.5	2795
588	2	10	278	278	30	13	10784.5	10601.5	3763
589	2	10	123	123	30	12	9949	10571	3160.5
590	2	10	312	312	30	11	10481	8724.5	3115
591	2	10	248	248	30	10	8276.5	7800	2123
592	2	10	258	258	30	9	10662.5	9505	2610.5
593	2	10	6	6	30	8	11377	9951	2724.5
594	2	10	364	364	30	7	9052	8420.5	2936
595	2	10	205	205	30	6	10171	10000	3460
596	2	10	136	136	30	5	9099	9823.5	3021
597	2	10	187	187	30	4	11588.5	11571	3831
598	2	10	81	81	30	3	11169	8830.5	3490
599	2	10	383	383	30	2	7584.5	8185	3534.5
600	2	10	135	135	30	1	10345	9502.5	3367
601	2	11	276	276	31	1	8874	8809	2882
602	2	11	15	15	31	2	10003	10154	2692
603	2	11	130	130	31	3	8802.5	10011	3081
604	2	11	362	362	31	4	8914	9513.5	2297
605	2	11	39	39	31	5	8862	9133	2746
606	2	11	14	14	31	6	11139	10860	3330.5
607	2	11	265	265	31	7	11080.5	9941.5	3675.5
608	2	11	48	48	31	8	8650	9422.5	4190.5
609	2	11	370	370	31	9	10490.5	9429.5	2636.5
610	2	11	392	278	31	10	9475	10105	4420
611	2	11	129	129	31	11	8896.5	8723	3861
612	2	11	380	380	31	12	9196	9843.5	3078
613	2	11	151	151	31	13	9325.5	11088.5	2591
614	2	11	18	18	31	14	8891.5	9438.5	2726
615	2	11	19	19	31	15	8396	8273.5	2663
616	2	11	168	168	31	16	10380.5	11117	4665.5
617	2	11	247	247	31	17	8790.5	9381.5	3971
618	2	11	361	361	31	18	7197.5	9261	3356
619	2	11	173	173	31	19	9375.5	8332	3160.5
620	2	11	26	26	31	20	9142.5	9265	3375.5
621	2	12	180	180	32	20	8674.5	8324.5	4141.5
622	2	12	42	42	32	19	9190.5	8609.5	3371
623	2	12	43	43	32	18	9878	9143.5	3396
624	2	12	175	175	32	17	9791.5	9941	4635.5
625	2	12	359	359	32	16	7936.5	7121	3158
626	2	12	291	291	32	15	8157.5	8720.5	4630.5
627	2	12	75	75	32	14	9584	9557.5	3580.5
628	2	12	319	319	32	13	8759	8578.5	3870.5
629	2	12	226	226	32	12	9633	8156	3931
630	2	12	350	350	32	11	8910.5	7803.5	4009
631	2	12	102	102	32	10	9457	9339.5	4431
632	2	12	89	89	32	9	7406	8401	4049
633	2	12	22	22	32	8	8543	7925.5	3874
634	2	12	97	97	32	7	NA	8245.5	4365.5
635	2	12	397	279	32	6	9719	9198.5	3389
636	2	12	227	227	32	5	9794.5	8016.5	3700.5
637	2	12	95	95	32	4	8024.5	9385	2665.5
638	2	12	236	236	32	3	8229.5	8168	2926
639	2	12	212	212	32	2	9599	8855	2529
640	2	12	351	351	32	1	9333	7806	2541
641	2	13	153	153	33	1	9225	8545	1426
642	2	13	56	56	33	2	11940.5	9964	3322.5
643	2	13	125	125	33	3	10059	10091.5	3194
644	2	13	174	174	33	4	8929.5	9983.5	2390.5
645	2	13	206	206	33	5	9967.5	9401	3116
646	2	13	294	294	33	6	9688.5	9612	2036
647	2	13	128	128	33	7	11172	10378	3437
648	2	13	269	269	33	8	10062.5	9854	3124
649	2	13	103	103	33	9	11049	9636.5	2822
650	2	13	381	381	33	10	10105	9561.5	3603.5
651	2	13	195	195	33	11	11796	11502.5	2650.5
652	2	13	335	335	33	12	8663.5	8951	1597
653	2	13	318	318	33	13	10547	10490	3323
654	2	13	104	104	33	14	10666.5	9264	3127
655	2	13	191	191	33	15	10259	9014	4006
656	2	13	30	30	33	16	9927	11548.5	2851.5
657	2	13	367	367	33	17	9212	8459.5	2561
658	2	13	11	11	33	18	10561.5	10900	3627
659	2	13	332	332	33	19	8773	7593	2410
660	2	13	91	91	33	20	9151	9093.5	2473
661	2	14	84	84	34	20	12898	10972	3118
662	2	14	20	20	34	19	10441	8155	2686
663	2	14	334	334	34	18	10299.5	8117	2706
664	2	14	124	124	34	17	10619.5	7846.5	2092
665	2	14	349	349	34	16	12019.5	10107.5	3876
666	2	14	305	305	34	15	8763.5	8439.5	2981
667	2	14	33	33	34	14	10658	9870	3277
668	2	14	10	10	34	13	11880.5	9763	3039
669	2	14	366	366	34	12	9477.5	8053	2704
670	2	14	74	74	34	11	10464	10211.5	2915.5
671	2	14	65	65	34	10	9426.5	9466	3671
672	2	14	122	122	34	9	11114	9736.5	3493
673	2	14	356	356	34	8	8697	7448.5	2998
674	2	14	338	338	34	7	8361	7328.5	4016
675	2	14	35	35	34	6	9481.5	8904.5	4893.5
676	2	14	38	38	34	5	11011.5	8625	4131
677	2	14	170	170	34	4	11423	9930.5	4341.5
678	2	14	222	222	34	3	10032	8417.5	3223
679	2	14	217	217	34	2	10778.5	8666	4056.5
680	2	14	239	239	34	1	11013	9762.5	3514.5
681	2	15	342	342	35	1	9836	8332	3711
682	2	15	292	292	35	2	10644	7573.5	3473
683	2	15	185	185	35	3	9917	8048.5	3128
684	2	15	145	145	35	4	9161	7975	4743.5
685	2	15	188	188	35	5	10414.5	9807.5	5094
686	2	15	92	92	35	6	8189.5	8164.5	4973
687	2	15	154	154	35	7	9686.5	9375.5	4270.5
688	2	15	261	261	35	8	9782	7829.5	3417
689	2	15	207	207	35	9	10696.5	8268.5	3425.5
690	2	15	263	263	35	10	10585.5	8435	3903
691	2	15	237	237	35	11	10005.5	7834.5	4088
692	2	15	25	25	35	12	7856	8216	3308.5
693	2	15	146	146	35	13	8810	8190	4042
694	2	15	320	320	35	14	10173	7955.5	3609
695	2	15	176	176	35	15	9717	8949	3424.5
696	2	15	391	278	35	16	10106.5	9153	4269.5
697	2	15	189	189	35	17	10865.5	9215.5	4185.5
698	2	15	8	8	35	18	10652	9571	3750.5
699	2	15	303	303	35	19	9310.5	7482.5	3377
700	2	15	322	322	35	20	8781	8001.5	2948
701	2	16	204	204	36	20	9836	8361	5078.5
702	2	16	215	215	36	19	9091.5	7365.5	3554.5
703	2	16	306	306	36	18	7968.5	7531	3900.5
704	2	16	333	333	36	17	7877	6654	3024.5
705	2	16	156	156	36	16	10150	9706.5	4395.5
706	2	16	110	110	36	15	9001	8198	4211
707	2	16	150	150	36	14	10514	8039.5	5274
708	2	16	28	28	36	13	10036.5	8898	3881
709	2	16	29	29	36	12	9743.5	8563.5	3991
710	2	16	339	339	36	11	8394.5	6708	2432
711	2	16	101	101	36	10	9884	10263.5	2859
712	2	16	133	133	36	9	9485	9061	2941
713	2	16	32	32	36	8	9612	8893	3585.5
714	2	16	262	262	36	7	10193	10635.5	2928
715	2	16	216	216	36	6	7193	7771.5	2992
716	2	16	295	295	36	5	8717.5	7867.5	3947
717	2	16	376	376	36	4	9208	7264.5	3099
718	2	16	98	98	36	3	8024	7088	2232
719	2	16	254	254	36	2	8889.5	7164.5	2530.5
720	2	16	396	279	36	1	9784.5	7828	3485.5
721	2	17	41	41	37	1	8545.5	10015	2945.5
722	2	17	230	230	37	2	8063	6895.5	2609
723	2	17	257	257	37	3	8704	8006.5	3587
724	2	17	86	86	37	4	9680	10022	3581
725	2	17	353	353	37	5	8443	7771.5	3226
726	2	17	67	67	37	6	9233.5	9289.5	3206
727	2	17	143	143	37	7	9004	9158	2539
728	2	17	324	324	37	8	7767.5	7788	2691
729	2	17	252	252	37	9	8520	8564	4761
730	2	17	387	278	37	10	9296.5	9329.5	4212
731	2	17	96	96	37	11	7511	7452	2939.5
732	2	17	58	58	37	12	9944.5	10125	3426
733	2	17	148	148	37	13	8850.5	9627	3817
734	2	17	127	127	37	14	8072.5	7592.5	3027
735	2	17	201	201	37	15	8069.5	9094.5	4225.5
736	2	17	164	164	37	16	8990	9612.5	4434
737	2	17	94	94	37	17	7661.5	8797.5	3218
738	2	17	16	16	37	18	9086.5	9261.5	3901
739	2	17	246	246	37	19	9146	8255.5	3538
740	2	17	109	109	37	20	8661.5	9183	2709
741	2	18	270	270	38	20	9922	8116	3738.5
742	2	18	321	321	38	19	8565.5	7321.5	3154.5
743	2	18	177	177	38	18	10761.5	9734	4486
744	2	18	12	12	38	17	12469.5	9541.5	5756
745	2	18	224	224	38	16	9698.5	7801.5	4342
746	2	18	66	66	38	15	9344.5	8596	4658.5
747	2	18	158	158	38	14	9784	9107	4193.5
748	2	18	118	118	38	13	11334	10141	5012
749	2	18	228	228	38	12	9289.5	8348.5	5036
750	2	18	317	317	38	11	10629.5	8863	3575.5
751	2	18	378	378	38	10	8866.5	7435.5	3338
752	2	18	79	79	38	9	10638	9248	3573
753	2	18	316	316	38	8	7577.5	7185.5	3519.5
754	2	18	155	155	38	7	10042	9863.5	4082
755	2	18	17	17	38	6	9592.5	9281.5	3746
756	2	18	140	140	38	5	9164	9547.5	3938
757	2	18	147	147	38	4	9102.5	9622.5	4857
758	2	18	198	198	38	3	10632.5	9894.5	2940
759	2	18	372	372	38	2	8673	7247	2948
760	2	18	395	279	38	1	10071.5	7278.5	2465.5
761	2	19	290	290	39	1	9211	8330	2389.5
762	2	19	260	260	39	2	8299	6849.5	3485.5
763	2	19	114	114	39	3	9186.5	9874	2878
764	2	19	24	24	39	4	9428.5	9459.5	2945.5
765	2	19	90	90	39	5	7437.5	8297	3003
766	2	19	106	106	39	6	9317.5	9114	3656
767	2	19	142	142	39	7	11352.5	9319	3040.5
768	2	19	119	119	39	8	9254.5	9206.5	2920.5
769	2	19	162	162	39	9	8580	8507.5	2909
770	2	19	149	149	39	10	9106	8970	3887
771	2	19	232	232	39	11	9585	8546	4111
772	2	19	144	144	39	12	9745.5	9059	3659
773	2	19	285	285	39	13	8206.5	7709.5	3982
774	2	19	273	273	39	14	8996.5	7853.5	3281
775	2	19	203	203	39	15	11319.5	9247.5	3543
776	2	19	225	225	39	16	7791.5	8645	2993
777	2	19	209	209	39	17	9667	8757	2633.5
778	2	19	27	27	39	18	8038	7797	3672
779	2	19	100	100	39	19	10299.5	10104.5	3775
780	2	19	274	274	39	20	9760.5	8786.5	3403.5
781	2	20	63	63	40	20	9023.5	8730	4612
782	2	20	59	59	40	19	9623.5	8157.5	4533
783	2	20	51	51	40	18	6923.5	7157.5	3886
784	2	20	186	186	40	17	8447.5	7203	3749
785	2	20	71	71	40	16	9851	6698.5	2878.5
786	2	20	9	9	40	15	7709.5	8064	3880.5
787	2	20	267	267	40	14	8103.5	7218.5	3239.5
788	2	20	1	1	40	13	7411.5	7988	3727
789	2	20	330	330	40	12	6306	6984.5	4273
790	2	20	57	57	40	11	7701.5	9078	4294.5
791	2	20	73	73	40	10	10121	9692	3105.5
792	2	20	105	105	40	9	7815.5	8888	3626
793	2	20	300	300	40	8	9916	7820	3288
794	2	20	243	243	40	7	11476.5	8650.5	4569.5
795	2	20	313	313	40	6	9932	8302	3433
796	2	20	131	131	40	5	9972	9584	2240.5
797	2	20	47	47	40	4	9719	8419.5	2663
798	2	20	348	348	40	3	11111	9068.5	4469
799	2	20	171	171	40	2	9787	8541	3526.5
800	2	20	211	211	40	1	8911.5	7705	3018